BAIT_SET	GENOME_SIZE	BAIT_TERRITORY	TARGET_TERRITORY	BAIT_DESIGN_EFFICIENCY	TOTAL_READS	PF_READS	PF_UNIQUE_READS	PCT_PF_READS	PCT_PF_UQ_READS	PF_UQ_READS_ALIGNED	PCT_PF_UQ_READS_ALIGNED	PF_BASES_ALIGNED	PF_UQ_BASES_ALIGNED	ON_BAIT_BASES	NEAR_BAIT_BASES	OFF_BAIT_BASES	ON_TARGET_BASES	PCT_SELECTED_BASES	PCT_OFF_BAIT	ON_BAIT_VS_SELECTED	MEAN_BAIT_COVERAGE	MEAN_TARGET_COVERAGE	MEDIAN_TARGET_COVERAGE	MAX_TARGET_COVERAGE	PCT_USABLE_BASES_ON_BAIT	PCT_USABLE_BASES_ON_TARGET	FOLD_ENRICHMENT	ZERO_CVG_TARGETS_PCT	PCT_EXC_DUPE	PCT_EXC_MAPQ	PCT_EXC_BASEQ	PCT_EXC_OVERLAP	PCT_EXC_OFF_TARGET	FOLD_80_BASE_PENALTY	PCT_TARGET_BASES_1X	PCT_TARGET_BASES_2X	PCT_TARGET_BASES_10X	PCT_TARGET_BASES_20X	PCT_TARGET_BASES_30X	PCT_TARGET_BASES_40X	PCT_TARGET_BASES_50X	PCT_TARGET_BASES_100X	HS_LIBRARY_SIZE	HS_PENALTY_10X	HS_PENALTY_20X	HS_PENALTY_30X	HS_PENALTY_40X	HS_PENALTY_50X	HS_PENALTY_100X	AT_DROPOUT	GC_DROPOUT	HET_SNP_SENSITIVITY	HET_SNP_Q	SAMPLE	LIBRARY	READ_GROUP
target	3107576521	34149606	34149606	1	264111136	264111136	196969568	1	0.745783	196946873	0.999885	37455727387	27796654760	19511942634	14179206119	3764578634	9475647225	0.899493	0.100507	0.579142	571.366552	277.47457	200	3239	0.518635	0.251866	47.404373	0.010699	0.25788	0.034739	0.005741	0.182149	0.521779	1.585569	0.984947	0.982367	0.972289	0.965642	0.960481	0.955851	0.951445	0.923774	187242459	4.710685	4.777667	4.849114	4.925027	4.992009	5.420695	3.543586	4.099463	0.981621	17				align/CRC0053LMX0A02204TUMD07000V2.hsmetrics
target	3107576521	34149606	34149606	1	242026290	242026290	189954816	1	0.784852	189874421	0.999577	34596407006	27072543768	18552253246	13310442164	2733711596	9491209406	0.920983	0.079017	0.582256	543.26405	277.930276	200	2918	0.533221	0.272792	48.797975	0.010957	0.217475	0.036686	0.005527	0.196888	0.545223	1.440053	0.983855	0.98086	0.969457	0.96249	0.957102	0.952432	0.948266	0.928287	218115862	4.147442	4.196796	4.242037	4.289334	4.337454	4.603964	2.390183	5.015341	0.980214	17				align/CRC0053NLH0000000000D05000V2.hsmetrics
target	3107576521	34149606	34149606	1	282326896	282326896	196089210	1	0.694547	196064409	0.999874	40306456735	27825769270	21351111750	15364451640	3590893345	9550383587	0.91091	0.08909	0.581528	625.222784	279.663068	200	3001	0.52739	0.235902	48.203881	0.010795	0.309645	0.032813	0.005117	0.174134	0.480171	1.519908	0.984619	0.981946	0.971489	0.964721	0.959513	0.954751	0.950364	0.925062	162012052	4.499973	4.564744	4.63911	4.715876	4.790722	5.262831	1.444313	4.862834	0.981175	17				align/CRC0053PRX0A01201TUMD05000V2.hsmetrics
target	3107576521	34149606	34149606	1	246581924	246581924	176937146	1	0.717559	176921692	0.999913	34729893293	24753946767	19051093917	13155548596	2523250780	8761295030	0.927346	0.072654	0.591527	557.871558	256.556255	200	4179	0.546403	0.251282	49.917474	0.01032	0.287244	0.031594	0.004493	0.186134	0.49165	1.7941	0.98477	0.982214	0.971616	0.964136	0.958237	0.952758	0.947321	0.900051	160045286	5.165037	5.263955	5.362874	5.474157	5.590386	6.272925	5.64697	3.946847	0.981555	17				align/CRC0065LMX0B02205TUMD02000V2.hsmetrics
target	3107576521	34149606	34149606	1	254585514	254585514	192606288	1	0.756548	192524199	0.999574	36501241864	27520071775	18941260960	14403063612	3156917292	9576342816	0.913512	0.086488	0.568051	554.655329	280.42323	200	3169	0.515719	0.260738	47.221239	0.009237	0.246051	0.035218	0.005913	0.174267	0.540885	1.430731	0.985967	0.983294	0.972911	0.9663	0.961252	0.95683	0.952847	0.933343	195350439	4.163401	4.209035	4.263361	4.313341	4.369406	4.671894	2.182347	4.541042	0.982686	18				align/CRC0065NLH0000000000D08000V2.hsmetrics
target	3107576521	34149606	34149606	1	247189312	247189312	181805904	1	0.735493	181786450	0.999893	34821446969	25437045720	17870389497	12718918702	4232138770	8353503413	0.878462	0.121538	0.584204	523.297092	244.614928	200	3855	0.510906	0.238823	46.700694	0.009677	0.269501	0.034185	0.005447	0.192258	0.500741	1.675445	0.985647	0.9828	0.971712	0.964345	0.958402	0.95307	0.947748	0.901515	160241795	5.192383	5.279771	5.383804	5.479515	5.586877	6.216071	3.416876	3.9501	0.981987	17				align/CRC0065PRX0A01201TUMD03000V2.hsmetrics
target	3107576521	34149606	34149606	1	218759762	218759762	168859700	1	0.771896	168838485	0.999874	31412561778	24143986973	16965267375	11976130445	2471163958	8401249756	0.921332	0.078668	0.586194	496.792478	246.01308	200	7022	0.537666	0.266254	49.146601	0.011089	0.231391	0.035708	0.005913	0.201338	0.52785	1.708424	0.983298	0.97998	0.968337	0.960944	0.955067	0.949843	0.944724	0.900285	183079804	4.985203	5.063603	5.145736	5.220402	5.310002	5.811761	5.137644	3.930772	0.979315	17				align/CRC0071LMX0A02204TUMD09000V2.hsmetrics
target	3107576521	34149606	34149606	1	240000920	240000920	190358070	1	0.793156	190305505	0.999724	34258859213	27094784561	18301201662	13252231736	2705425815	9508784306	0.92103	0.07897	0.580007	535.912527	278.44492	200	3353	0.531338	0.276068	48.611928	0.009521	0.209116	0.035868	0.006263	0.19491	0.556322	1.48109	0.98523	0.982345	0.971241	0.964162	0.958697	0.953944	0.949792	0.928186	226017845	4.264975	4.307782	4.356705	4.405628	4.45455	4.728517	2.963084	4.742909	0.981706	17				align/CRC0071NLH0000000000D04000V2.hsmetrics
target	3107576521	34149606	34149606	1	229542790	229542790	175419876	1	0.764214	175398311	0.999877	32738298045	24916069233	17868865867	12486093448	2383338730	8724285229	0.9272	0.0728	0.588664	523.252475	255.4725	200	3052	0.543578	0.265396	49.66804	0.010659	0.238932	0.032194	0.005303	0.203289	0.522062	1.616915	0.983732	0.980386	0.968681	0.961034	0.955108	0.949849	0.944917	0.909513	185940932	4.685731	4.750006	4.818177	4.896086	4.970879	5.400939	1.909389	4.666678	0.979875	17				align/CRC0071PRX0A01201TUMD06000V2.hsmetrics
target	3107576521	34149606	34149606	1	301304088	301304088	185344650	1	0.615142	185322156	0.999879	43241817431	26407937154	23357637487	16627293152	3256886792	9243525951	0.924682	0.075318	0.584161	683.979706	270.677382	200	4385	0.537729	0.2128	49.154254	0.011681	0.389296	0.030384	0.004871	0.153474	0.42392	1.601641	0.983283	0.98033	0.969313	0.962234	0.956674	0.951779	0.94726	0.915927	129234376	4.671097	4.763527	4.866227	4.979197	5.096275	5.798742	1.939254	5.016104	0.979631	17				align/CRC0094LMX0A02201TUMD05000V2.hsmetrics
target	3107576521	34149606	34149606	1	249914924	249914924	194079382	1	0.776582	193982588	0.999501	35766216306	27690991523	19099341653	13815830056	2851044597	9717474766	0.920287	0.079713	0.58026	559.284393	284.555985	200	3338	0.530814	0.270071	48.593875	0.010806	0.225778	0.034466	0.006074	0.191762	0.544276	1.451816	0.984156	0.981006	0.969575	0.962458	0.957097	0.952394	0.948226	0.928697	214714914	4.180134	4.231205	4.27802	4.320579	4.37165	4.647433	2.218232	5.115224	0.980387	17				align/CRC0094NLH0000000000D04000V2.hsmetrics
target	3107576521	34149606	34149606	1	256406916	256406916	160178300	1	0.624704	160158494	0.999876	36520745471	22629427025	19534726940	14105807955	2880210576	7885671720	0.921135	0.078865	0.58069	572.033743	230.915452	200	3500	0.532543	0.214974	48.674763	0.011236	0.380368	0.031927	0.003863	0.154969	0.429839	1.626165	0.983425	0.980139	0.968429	0.960648	0.954346	0.948652	0.942989	0.895798	113430361	4.77907	4.896062	5.013054	5.156044	5.293835	6.229771	1.972871	5.164086	0.979575	17				align/CRC0094PRX0A01201TUMD06000V2.hsmetrics
target	3107576521	34149606	34149606	1	234413026	234413026	183129436	1	0.781226	183111112	0.9999	33363634361	25949823622	17920194520	12871557623	2571882218	9137509538	0.922914	0.077086	0.58198	524.755528	267.572912	200	4237	0.534983	0.272788	48.877108	0.010801	0.222212	0.033759	0.005551	0.195146	0.545157	1.682849	0.984819	0.982041	0.971065	0.963671	0.957825	0.95269	0.94768	0.91148	206676312	4.842028	4.901505	4.972878	5.04425	5.110865	5.520068	3.983379	4.27016	0.981273	17				align/CRC0333LMX0A02204TUMD07000V2.hsmetrics
target	3107576521	34149606	34149606	1	235741512	235741512	183157034	1	0.77694	183094408	0.999658	34073002524	26401147623	18227181195	13255136139	2590685190	9335340997	0.923967	0.076033	0.578966	533.744992	273.365994	200	3338	0.532147	0.272547	48.679403	0.009905	0.225159	0.034799	0.0057	0.19022	0.5461	1.493803	0.98418	0.980737	0.968903	0.961536	0.955938	0.951141	0.946791	0.923058	204206376	4.270837	4.319483	4.372182	4.428935	4.48731	4.788913	1.271592	5.843231	0.98024	17				align/CRC0333NLH0000000000D08000V2.hsmetrics
target	3107576521	34149606	34149606	1	246161886	246161886	189999974	1	0.77185	189972259	0.999854	35169110046	27053036863	19030785735	13559231278	2579093033	9496101687	0.926666	0.073334	0.583945	557.276876	278.073536	200	3842	0.538898	0.268903	49.241523	0.009839	0.230773	0.034249	0.005509	0.197942	0.533474	1.588992	0.984852	0.981853	0.970501	0.963059	0.957245	0.952263	0.947596	0.919707	207715456	4.582794	4.639298	4.702081	4.764863	4.827646	5.179229	2.341648	4.848375	0.981258	17				align/CRC0333PRX0A01201TUMD07000V2.hsmetrics
target	3107576521	34149606	34149606	1	225200682	225200682	173767200	1	0.77161	173749876	0.9999	31481285311	24152687139	17488666300	11322052363	2670566648	8281568294	0.91517	0.08483	0.607019	512.119124	242.508458	200	3017	0.553053	0.261892	50.552236	0.010158	0.232792	0.036761	0.004924	0.223411	0.50342	1.78315	0.98521	0.982272	0.971123	0.963497	0.957441	0.951609	0.945324	0.885975	186294233	5.281424	5.371108	5.457056	5.561687	5.66034	6.23432	6.293703	3.54778	0.981615	17				align/CRC0440LMX0A02001TUMD08000V2.hsmetrics
target	3107576521	34149606	34149606	1	250826956	250826956	196817928	1	0.784676	196745542	0.999632	35868269348	28065886354	18953384428	13994940872	2919944048	9903079896	0.918593	0.081407	0.575246	555.01034	289.991044	200	2434	0.525414	0.274527	48.085317	0.009642	0.217529	0.035136	0.00603	0.185205	0.558388	1.487134	0.985282	0.982356	0.97101	0.963687	0.958064	0.953492	0.949332	0.92842	224309400	4.260214	4.305065	4.354187	4.401173	4.444742	4.721534	1.70623	5.267859	0.981719	17				align/CRC0440NLH0000000000D09000V2.hsmetrics
target	3107576521	34149606	34149606	1	245215808	245215808	185596656	1	0.756871	185571928	0.999867	35354545412	26666438998	18784715239	13964558042	2605272131	9438239258	0.92631	0.07369	0.573592	550.071214	276.379155	200	3112	0.5289	0.265742	48.34989	0.009844	0.245742	0.035214	0.006508	0.177783	0.537688	1.477963	0.984797	0.981812	0.970488	0.963475	0.957946	0.953212	0.948945	0.926534	191714608	4.227179	4.277668	4.33026	4.384956	4.443018	4.776242	3.348173	4.579219	0.980948	17				align/CRC0440PRX0A01001TUMD12000V2.hsmetrics
target	3107576521	34149606	34149606	1	229406066	229406066	166759480	1	0.726918	166745369	0.999915	32512800483	23495237808	17471262656	12430819054	2610718773	8203919000	0.919702	0.080298	0.584282	511.609494	240.23466	200	3936	0.535421	0.251416	48.899683	0.009935	0.277354	0.032614	0.004433	0.18541	0.501245	1.715962	0.984864	0.981784	0.970277	0.962561	0.956365	0.950706	0.94481	0.894031	153478530	5.006815	5.099645	5.20021	5.296908	5.410624	6.069715	2.49229	4.350091	0.981148	17				align/CRC0449LMX0A01001TUMD08000V2.hsmetrics
target	3107576521	34149606	34149606	1	389100110	389100110	271301256	1	0.697253	271213405	0.999676	55784637846	38684085548	29286010328	21499391744	4999235774	13429143009	0.910383	0.089617	0.576662	857.579743	393.244449	200	3738	0.522385	0.23954	47.772913	0.009116	0.306546	0.032454	0.003952	0.168002	0.489792	1.966222	0.986465	0.984069	0.974381	0.968383	0.963914	0.960123	0.956755	0.942288	225292956	5.743771	5.823511	5.903251	6.002926	6.086653	6.612937	1.415201	5.241336	0.983488	18				align/CRC0449NLH0000000000D07000V2.hsmetrics
target	3107576521	34149606	34149606	1	358147510	358147510	219190556	1	0.612012	219164424	0.999881	50850438445	30846186659	27267520324	19329966001	4252952120	10591980444	0.916364	0.083636	0.585171	798.472472	310.16406	200	4519	0.533689	0.20731	48.796321	0.009622	0.393394	0.030458	0.004576	0.156669	0.416704	1.632442	0.985959	0.983449	0.973512	0.967104	0.962077	0.957663	0.953549	0.932143	149846687	4.838306	4.928894	5.022501	5.119127	5.224209	5.847451	3.733229	4.275025	0.982786	18				align/CRC0449PRX0A01001TUMD11000V2.hsmetrics
target	3107576521	34149606	34149606	1	226398268	226398268	170678920	1	0.753888	170658048	0.999878	32843252502	24672995395	17473134647	12785453966	2584663889	8630818558	0.921303	0.078697	0.57746	511.664312	252.735524	200	3787	0.529478	0.261535	48.412867	0.010674	0.248765	0.036567	0.006356	0.182406	0.528641	1.550525	0.986248	0.9844	0.972868	0.962754	0.955265	0.949369	0.944012	0.910198	173089332	4.492616	4.563005	4.625573	4.697917	4.774172	5.18712	1.486466	5.609178	0.983382	18				align/CRC0468LMX0B02004TUMD07000V2.hsmetrics
target	3107576521	34149606	34149606	1	281724242	281724242	213811342	1	0.758938	213717852	0.999563	40531098959	30665493811	21582796969	15422546018	3525755972	10621453479	0.913011	0.086989	0.583235	632.007203	311.027116	200	3007	0.52845	0.260064	48.456884	0.010355	0.243408	0.036682	0.00667	0.189006	0.527368	1.555136	0.987359	0.986253	0.979795	0.972026	0.964969	0.958948	0.953759	0.932987	219278663	4.543314	4.593955	4.649418	4.70247	4.763239	5.075765	1.528726	5.510177	0.985708	18				align/CRC0468NLH0000000000D08000V2.hsmetrics
target	3107576521	34149606	34149606	1	234614984	234614984	160695298	1	0.684932	160681748	0.999916	32536478554	22092568341	17737380510	12300957145	2498140899	7633590322	0.92322	0.07678	0.590491	519.402201	223.533774	200	2416	0.543121	0.233741	49.608383	0.010421	0.320991	0.035322	0.004202	0.179913	0.460624	1.563173	0.985119	0.98242	0.972102	0.964731	0.958647	0.953027	0.947411	0.900924	131562604	4.613501	4.711855	4.817923	4.925919	5.037001	5.749779	3.981804	4.043201	0.981746	17				align/CRC0468PRX0B01001TUMD08000V2.hsmetrics
target	3107576521	34149606	34149606	1	245197982	245197982	185605988	1	0.756964	185582959	0.999876	35034215867	26394658618	18837918108	13451579843	2744717916	9208376645	0.921656	0.078344	0.583407	551.629149	269.648108	200	3309	0.535414	0.261722	48.93016	0.010993	0.246603	0.033587	0.005353	0.19311	0.523105	1.685301	0.984598	0.982017	0.971476	0.964662	0.959161	0.954491	0.94985	0.915062	189995243	4.896756	4.971744	5.042566	5.12172	5.209206	5.669133	3.512411	3.983349	0.981215	17				align/CRC0481LMX0A02001TUMD08000V2.hsmetrics
target	3107576521	34149606	34149606	1	232934806	232934806	184773618	1	0.793242	184731358	0.999771	33415324695	26428693841	17804409734	13045129770	2565785191	9334512698	0.923215	0.076785	0.577137	521.365012	273.341739	200	2613	0.530081	0.277911	48.486187	0.01079	0.209085	0.034338	0.005603	0.193451	0.559353	1.431109	0.98377	0.980647	0.969125	0.961892	0.956309	0.951625	0.94739	0.927117	220232083	4.094567	4.136322	4.182054	4.225798	4.271132	4.528821	2.127442	5.128637	0.980124	17				align/CRC0481NLH0000000000D08000V2.hsmetrics
target	3107576521	34149606	34149606	1	223300820	223300820	176037094	1	0.788341	176014494	0.999872	31961189714	25104607803	17229957919	12204136919	2527094876	8763598970	0.920932	0.079068	0.585374	504.543388	256.623721	200	2579	0.536871	0.273066	49.056596	0.011327	0.214528	0.033805	0.005578	0.206033	0.54187	1.603898	0.983647	0.980556	0.969029	0.961639	0.955874	0.951031	0.946486	0.91617	204113817	4.650675	4.707726	4.776188	4.838944	4.908547	5.282804	3.07713	4.263912	0.979917	17				align/CRC0481PRX0A01001TUMD08000V2.hsmetrics
target	3107576521	34149606	34149606	1	220216196	220216196	158917694	1	0.721644	158900339	0.999891	30802231370	22048600547	17514526369	10904436228	2383268773	7451048777	0.922627	0.077373	0.616297	512.876382	218.188426	200	3130	0.566013	0.240794	51.743089	0.011392	0.284188	0.036551	0.004833	0.22347	0.452425	1.678373	0.984395	0.981758	0.970986	0.963604	0.957577	0.951826	0.945588	0.881805	144153662	5.068332	5.167022	5.283988	5.397299	5.526693	6.289897	5.579952	3.360594	0.981026	17				align/CRC0498LMX0A02001TUMD08000V2.hsmetrics
target	3107576521	34149606	34149606	1	247955884	247955884	193787792	1	0.781541	193728922	0.999696	35103230928	27337312259	18421111244	13246090984	3436028700	9264592834	0.902116	0.097884	0.581709	539.423829	271.294282	200	2893	0.521644	0.262352	47.753463	0.009844	0.221231	0.035619	0.006408	0.199041	0.540483	1.427865	0.98564	0.98279	0.972371	0.965791	0.960655	0.95606	0.951955	0.93163	212471171	4.260815	4.30477	4.352913	4.405241	4.461755	4.743073	2.049273	4.753677	0.982115	17				align/CRC0498NLH0000000000D07000V2.hsmetrics
target	3107576521	34149606	34149606	1	229985506	229985506	163523990	1	0.711019	163504732	0.999882	32153100225	22724198940	17966752181	11685222679	2501125365	7753977399	0.922212	0.077788	0.605921	526.118872	227.059059	200	3759	0.555694	0.239823	50.849052	0.010897	0.29325	0.036692	0.00553	0.204734	0.462089	1.599007	0.986425	0.984609	0.974563	0.965947	0.959213	0.953439	0.947839	0.900576	144235674	4.773098	4.864762	4.967883	5.071005	5.17871	5.838689	3.523952	3.962341	0.983722	18				align/CRC0498PRX0A01001TUMD08000V2.hsmetrics
target	3107576521	34149606	34149606	1	280274486	280274486	208083642	1	0.742428	208061384	0.999893	39286307518	29023921764	21127340522	14703962967	3455004029	9830151542	0.912056	0.087944	0.589634	618.670111	287.855489	200	2813	0.535422	0.249122	48.937272	0.009495	0.26122	0.03236	0.005631	0.200607	0.502371	1.626302	0.986473	0.984119	0.974742	0.968487	0.963366	0.958785	0.954416	0.925402	198832994	4.862861	4.933119	5.00806	5.073633	5.157942	5.585107	3.139119	3.864274	0.983508	18				align/CRC0549LMX0B02004TUMD10000V2.hsmetrics
target	3107576521	34149606	34149606	1	234606686	234606686	186640192	1	0.795545	186581043	0.999683	33206075991	26333448980	17937775726	12496413544	2771886721	9048148219	0.916525	0.083475	0.589396	525.270357	264.956153	200	2985	0.537228	0.270988	49.157203	0.009733	0.206969	0.036932	0.005632	0.213783	0.538586	1.447848	0.985273	0.982537	0.971898	0.965025	0.959794	0.955207	0.950978	0.928238	222115952	4.257985	4.305467	4.348992	4.40043	4.450286	4.725681	2.711513	4.585603	0.981844	17				align/CRC0549NLH0000000000D07000V2.hsmetrics
target	3107576521	34149606	34149606	1	225096290	225096290	179078948	1	0.795566	179060211	0.999895	32187926606	25519163299	16970050497	11996151530	3221724579	8568431227	0.899909	0.100091	0.585857	496.932541	250.908641	200	3067	0.525262	0.265213	47.976246	0.00988	0.207182	0.036186	0.005418	0.215185	0.5378	1.458771	0.984326	0.981127	0.969708	0.962549	0.956956	0.951912	0.947326	0.921069	206314420	4.393833	4.445751	4.495747	4.549588	4.609582	4.923401	2.810257	4.638089	0.98053	17				align/CRC0549PRX0A02004TUMD08000V2.hsmetrics
target	3107576521	34149606	34149606	1	260998040	260998040	199543928	1	0.764542	199522636	0.999893	36888536058	28048600491	20499243755	13553587322	2835704981	9595636156	0.923128	0.076872	0.601984	600.277607	280.988195	200	3179	0.553327	0.259011	50.568789	0.011114	0.239639	0.035081	0.005428	0.222312	0.499364	1.614875	0.98416	0.981163	0.969924	0.963266	0.957991	0.953238	0.948673	0.918051	210204470	4.779877	4.84568	4.902709	4.977285	5.043088	5.43264	3.041327	4.238644	0.980469	17				align/CRC0740LMX0A02001TUMD08000V2.hsmetrics
target	3107576521	34149606	34149606	1	242593748	242593748	194007416	1	0.799721	193971371	0.999814	34658637902	27633816586	18849150679	13131067629	2678419594	9670743511	0.92272	0.07728	0.5894	551.958072	283.187557	200	2408	0.541181	0.277658	49.489883	0.011013	0.202686	0.034806	0.005433	0.21172	0.547009	1.452244	0.983863	0.980832	0.97007	0.963082	0.957873	0.9533	0.949238	0.929282	237279038	4.188876	4.232228	4.271451	4.318931	4.362283	4.610007	2.057426	5.182011	0.980325	17				align/CRC0740NLH0000000000D08000V2.hsmetrics
target	3107576521	34149606	34149606	1	232946480	232946480	182693156	1	0.784271	182677340	0.999913	32812949784	25609803832	18231991243	12211590951	2369367590	8923565088	0.927792	0.072208	0.598878	533.885845	261.307995	200	2725	0.553417	0.270867	50.562084	0.011741	0.219521	0.0346	0.005257	0.220297	0.52186	1.685858	0.983434	0.980736	0.969903	0.962716	0.956919	0.951772	0.946632	0.907379	209905833	4.903093	4.973315	5.035734	5.113757	5.179297	5.600626	4.100306	3.915697	0.980093	17				align/CRC0740PRX0A02001TUMD08000V2.hsmetrics
target	3107576521	34149606	34149606	1	271431844	271431844	206619882	1	0.761222	206600593	0.999907	38369457445	29064634436	20986148017	13791265865	3592043563	9759624253	0.906383	0.093617	0.603442	614.535583	285.790245	200	3695	0.544849	0.253383	49.771784	0.01123	0.242506	0.03327	0.004933	0.222731	0.498018	1.661571	0.983926	0.981268	0.970941	0.964396	0.959155	0.954376	0.949817	0.91925	207584598	5.014275	5.083059	5.151844	5.220628	5.300418	5.729631	2.354325	4.686162	0.98067	17				align/CRC1063LMX0A01001TUMD07000V2.hsmetrics
target	3107576521	34149606	34149606	1	264194662	264194662	209674062	1	0.793635	209637478	0.999826	37473191967	29651371695	20457814631	14169554331	2845823005	10354435765	0.924057	0.075943	0.590799	599.064441	303.208059	200	2945	0.543215	0.274941	49.67921	0.010239	0.208731	0.035198	0.005618	0.210955	0.541369	1.51604	0.984671	0.98153	0.970717	0.96396	0.958855	0.954358	0.950358	0.932259	250048167	4.381631	4.428506	4.468684	4.522255	4.565112	4.822254	1.664914	5.284689	0.981003	17				align/CRC1063NLH0000000000D07000V2.hsmetrics
target	3107576521	34149606	34149606	1	235650116	235650116	183191044	1	0.777386	183175493	0.999915	33277706254	25761623395	18490433065	12359722320	2427550869	8915175317	0.927052	0.072948	0.599363	541.453774	261.062318	200	5209	0.553567	0.266903	50.562651	0.011043	0.225859	0.035094	0.005249	0.219698	0.515691	1.788098	0.983929	0.980917	0.969885	0.962789	0.957088	0.952075	0.947136	0.902766	204070274	5.245704	5.317029	5.404203	5.483453	5.569043	6.082583	2.903577	4.308614	0.980358	17				align/CRC1063PRX0B02001TUMD08000V2.hsmetrics
target	3107576521	34149606	34149606	1	230330908	230330908	182437770	1	0.792068	182418285	0.999893	32204295580	25401413797	17731478584	11908412199	2564404797	8742188028	0.920371	0.079629	0.59823	519.229375	255.996746	200	2769	0.548298	0.270328	50.10341	0.009677	0.211241	0.035992	0.005643	0.220803	0.528359	1.620233	0.985864	0.98312	0.972226	0.964839	0.959096	0.954043	0.949294	0.91484	213959050	4.766306	4.829594	4.894801	4.956171	5.029816	5.407246	4.171518	4.018789	0.982415	18				align/CRC1144LMX0A01001TUMD08000V2.hsmetrics
target	3107576521	34149606	34149606	1	256266602	256266602	200919532	1	0.784025	200865682	0.999732	36502075675	28532954492	19903662240	13709153540	2889259895	9933521274	0.920847	0.079153	0.592145	582.837244	290.882456	200	2164	0.542506	0.270754	49.619407	0.009824	0.21832	0.035238	0.005412	0.209876	0.532863	1.476561	0.985049	0.982261	0.9714	0.964572	0.959358	0.954837	0.950773	0.930141	229190088	4.285224	4.330862	4.374326	4.422137	4.476903	4.748121	1.744512	5.269576	0.981682	17				align/CRC1144NLH0000000000D07000V2.hsmetrics
target	3107576521	34149606	34149606	1	242335168	242335168	191987228	1	0.792238	191970637	0.999914	34752132927	27446833172	18693199181	13470219884	2588713862	9670043552	0.925509	0.074491	0.581194	547.391357	283.167061	200	3060	0.535912	0.277229	48.948378	0.010942	0.210212	0.032239	0.005803	0.19986	0.553902	1.636804	0.983427	0.980322	0.968759	0.961456	0.955871	0.95095	0.946476	0.918862	227316906	4.698889	4.754791	4.808622	4.866594	4.931192	5.269087	2.422535	4.793143	0.97975	17				align/CRC1144PRX0B02002TUMD08000V2.hsmetrics
target	3107576521	34149606	34149606	1	265860466	265860466	206468894	1	0.776606	206452131	0.999919	38211492616	29568103291	21250772074	14216038990	2744681552	10413962372	0.928171	0.071829	0.599173	622.284546	304.951172	200	8002	0.554156	0.271565	50.607729	0.011316	0.226199	0.033607	0.004902	0.213151	0.523493	1.772972	0.983662	0.980804	0.97033	0.96382	0.958681	0.954023	0.949361	0.916322	229578767	5.094592	5.156031	5.224296	5.29256	5.360825	5.764953	5.111201	4.397026	0.980211	17				align/CRC1169LMX0A02001TUMD08000V2.hsmetrics
target	3107576521	34149606	34149606	1	246381676	246381676	194721606	1	0.790325	194662958	0.999699	35051771459	27616005564	18950310408	13274549860	2826911191	9637818895	0.91935	0.08065	0.588065	554.920323	282.223429	200	2220	0.537722	0.273477	49.197438	0.010887	0.212137	0.035988	0.005567	0.205103	0.543043	1.47761	0.984057	0.98109	0.970001	0.962892	0.957411	0.952826	0.948581	0.927491	228254434	4.281562	4.319108	4.369168	4.419229	4.46929	4.739617	1.949054	5.345798	0.980486	17				align/CRC1169NLH0000000000D07000V2.hsmetrics
target	3107576521	34149606	34149606	1	231796802	231796802	176740752	1	0.762481	176725395	0.999913	32891270601	24935736607	17985697284	12421978661	2483594656	8735952841	0.924491	0.075509	0.591485	526.67364	255.814162	200	6144	0.544584	0.264514	49.760274	0.0112	0.241874	0.035976	0.005061	0.200618	0.51792	1.728474	0.983717	0.980669	0.968885	0.961464	0.955591	0.950333	0.945183	0.901224	185435085	5.007727	5.089785	5.167935	5.2539	5.342992	5.858783	5.605209	3.991144	0.979831	17				align/CRC1169PRX0A01001TUMD08000V2.hsmetrics
target	3107576521	34149606	34149606	1	227797850	227797850	182083830	1	0.799322	182064507	0.999894	32461728484	25848554921	17519329242	12497205118	2445194124	9147495574	0.924675	0.075325	0.583656	513.017024	267.865333	200	3330	0.537583	0.280692	49.111361	0.011377	0.203722	0.034414	0.005317	0.202186	0.555865	1.633325	0.983473	0.98019	0.969192	0.962042	0.956166	0.950509	0.944856	0.911705	222736010	4.668355	4.726288	4.780358	4.842154	4.902404	5.245367	4.000804	4.102258	0.979745	17				align/CRC1182LMX0A01001TUMD08000V2.hsmetrics
target	3107576521	34149606	34149606	1	271652808	271652808	216754412	1	0.79791	216707208	0.999782	38839938457	30898578005	20814678757	15055114296	2970145404	10938737699	0.923529	0.076471	0.580284	609.514463	320.318123	200	3007	0.533086	0.280153	48.767143	0.010441	0.204464	0.034478	0.005992	0.195596	0.561641	1.601591	0.984791	0.981855	0.971245	0.964743	0.959719	0.955432	0.951666	0.934822	263305642	4.568924	4.610554	4.659122	4.700753	4.753484	5.019918	2.313253	5.038125	0.981376	17				align/CRC1182NLH0000000000D07000V2.hsmetrics
target	3107576521	34149606	34149606	1	252672322	252672322	198088460	1	0.783974	198061628	0.999865	36115161063	28226698596	19290352131	13732116498	3092692434	9752301779	0.914366	0.085634	0.584158	564.877736	285.575821	200	4886	0.531117	0.268508	48.605648	0.011458	0.218425	0.037665	0.00655	0.198972	0.541296	1.679858	0.985559	0.983922	0.97694	0.969557	0.962929	0.957248	0.952163	0.921456	224757703	4.921792	4.979799	5.039955	5.108705	5.175735	5.546983	4.542351	3.812027	0.98344	18				align/CRC1182PRX0A01001TUMD08000V2.hsmetrics
target	3107576521	34149606	34149606	1	216849516	216849516	167199260	1	0.771038	167177191	0.999868	30784880185	23652215103	16780948254	11583363448	2420568483	8165987538	0.921372	0.078628	0.591622	491.395077	239.123917	200	3072	0.542144	0.263819	49.603825	0.010735	0.231694	0.035611	0.006343	0.206501	0.522641	1.467018	0.986797	0.985238	0.976597	0.967816	0.960894	0.955017	0.94957	0.920349	181206324	4.306397	4.361356	4.427306	4.482265	4.550413	4.919734	3.336217	4.419761	0.984519	18				align/CRC1240LMX0A01001TUMD08000V2.hsmetrics
target	3107576521	34149606	34149606	1	265267284	265267284	204191772	1	0.769759	204126784	0.999682	37677822307	28904580715	19821794226	14602998389	3253029692	9993296784	0.913662	0.086338	0.5758	580.43991	292.632857	200	2768	0.523027	0.263688	47.873293	0.010118	0.232849	0.033432	0.005806	0.187379	0.54273	1.463164	0.985897	0.983329	0.973607	0.967287	0.962464	0.958155	0.954254	0.936345	217433391	4.279986	4.327124	4.369773	4.428135	4.473926	4.764837	2.413785	4.457972	0.982768	18				align/CRC1240NLH0000000000D07000V2.hsmetrics
target	3107576521	34149606	34149606	1	235657108	235657108	188048702	1	0.797976	188025337	0.999876	32810191612	26077344443	18279302484	11804296333	2726592795	8802064270	0.916898	0.083102	0.607617	535.271256	257.750097	200	3379	0.553697	0.266623	50.697552	0.010856	0.205206	0.039011	0.006342	0.237433	0.514723	1.562122	0.98642	0.98474	0.976099	0.968594	0.962512	0.957203	0.952198	0.918283	226758606	4.682792	4.741291	4.795889	4.858288	4.919126	5.256078	4.253821	3.856242	0.98392	18				align/CRC1240PRX0B01001TUMD08000V2.hsmetrics
target	3107576521	34149606	34149606	1	301177174	301177174	235731112	1	0.782699	235702026	0.999877	42874968580	33462328053	23002122335	16482124610	3390721635	11591886862	0.920916	0.079084	0.582565	673.569187	339.444234	200	4549	0.533978	0.269098	48.820276	0.009495	0.219537	0.035061	0.006543	0.198713	0.543053	1.70575	0.985742	0.983123	0.973067	0.96668	0.961679	0.9573	0.953423	0.932266	266774665	4.972545	5.026177	5.077255	5.133441	5.1978	5.50427	4.079498	4.197174	0.982486	18				align/CRC1251LMX0A02001TUMD08000V2.hsmetrics
target	3107576521	34149606	34149606	1	243479598	243479598	191791722	1	0.787712	191753841	0.999802	34543047483	27124904092	18764245876	13106424560	2672377047	9394266925	0.922636	0.077364	0.588762	549.471812	275.091517	200	2957	0.540467	0.270583	49.43182	0.009571	0.214751	0.035212	0.005736	0.209673	0.536655	1.463253	0.985495	0.982652	0.971884	0.965107	0.95982	0.955092	0.950947	0.928889	222638333	4.269255	4.318604	4.367953	4.417303	4.461717	4.747943	2.970503	4.626123	0.982102	17				align/CRC1251NLH0000000000D07000V2.hsmetrics
target	3107576521	34149606	34149606	1	268562814	268562814	206370802	1	0.768427	206349979	0.999899	38119676569	29150873770	21042184779	14358806339	2718685451	10120652920	0.92868	0.07132	0.594395	616.176502	296.362216	200	3421	0.549793	0.264434	50.231686	0.009794	0.23528	0.03353	0.004962	0.213945	0.513604	1.646457	0.985492	0.982788	0.972437	0.965875	0.960716	0.956351	0.952125	0.928603	222457593	4.800918	4.862136	4.925621	4.984572	5.052592	5.422622	3.341085	3.996654	0.982221	18				align/CRC1251PRX0A01001TUMD08000V2.hsmetrics
target	3107576521	34149606	34149606	1	246243082	246243082	190605464	1	0.774054	190579669	0.999865	34694650429	26741649030	18474624622	13082742287	3137283520	9228465147	0.909574	0.090426	0.58543	540.990857	270.236358	200	3636	0.529998	0.264745	48.456187	0.010598	0.229228	0.034428	0.00556	0.195709	0.536987	2.001751	0.985382	0.983096	0.973782	0.967144	0.961672	0.955696	0.948215	0.878859	204545615	5.887495	5.986469	6.097814	6.196788	6.30566	6.958889	8.577989	3.127513	0.98234	18				align/CRC1331LMX0A02005TUMD03000V2.hsmetrics
target	3107576521	34149606	34149606	1	237130300	237130300	189538782	1	0.799302	189441986	0.999489	33841825192	26969867389	18001954849	13019751849	2820118494	9458804153	0.916668	0.083332	0.580302	527.149709	276.981355	200	2308	0.528949	0.277927	48.406315	0.010866	0.203061	0.03535	0.005701	0.196833	0.560964	1.442611	0.983861	0.98092	0.969387	0.962097	0.956566	0.951864	0.947644	0.92753	229294246	4.154403	4.196703	4.236989	4.281304	4.332065	4.583451	2.085298	5.279354	0.980188	17				align/CRC1331NMH0000000000D05000V2.hsmetrics
target	3107576521	34149606	34149606	1	238616372	238616372	191452014	1	0.802342	191436190	0.999917	33843475989	27027008148	18524252502	12669162547	2650060940	9503380167	0.921697	0.078303	0.593851	542.444106	278.286671	200	3903	0.545082	0.27964	49.808317	0.011048	0.201412	0.035302	0.005738	0.211325	0.548111	1.973664	0.984515	0.981894	0.971708	0.964815	0.959356	0.953769	0.947394	0.887676	235125835	5.689617	5.761989	5.854464	5.930856	6.02494	6.526718	9.001154	3.201102	0.981125	17				align/CRC1331PRX0A01001TUMD05000V2.hsmetrics
target	3107576521	34149606	34149606	1	333077840	333077840	236280174	1	0.709384	236258958	0.99991	47150665618	33230766003	25129836534	18353021188	3667807896	11700074438	0.922211	0.077789	0.577925	735.87486	342.612282	200	4298	0.530724	0.247097	48.499579	0.009657	0.295222	0.030848	0.004301	0.171007	0.499611	1.775193	0.986014	0.983651	0.974137	0.967737	0.962807	0.958486	0.954427	0.930356	206684436	5.111607	5.187235	5.262864	5.338492	5.424204	5.881336	2.740826	4.364137	0.983183	18				align/CRC1387LMX0A02001TUMD03000V2.hsmetrics
target	3107576521	34149606	34149606	1	238310956	238310956	193588560	1	0.812336	193496085	0.999522	33982612098	27534217804	18043775738	13247662184	2691174176	9681856231	0.920807	0.079193	0.576636	528.374346	283.51297	200	3092	0.527833	0.283222	48.31776	0.009455	0.189756	0.035333	0.006324	0.197424	0.573586	1.446495	0.985499	0.982578	0.971463	0.964523	0.959209	0.954619	0.950537	0.93043	250517388	4.150705	4.193175	4.229577	4.26598	4.31209	4.53536	2.769771	4.631308	0.981956	17				align/CRC1387NLH0000000000D05000V2.hsmetrics
target	3107576521	34149606	34149606	1	300180434	300180434	218270738	1	0.727132	218253665	0.999922	42694374477	30875152234	22827438447	16581802752	3285133278	10792415404	0.923055	0.076945	0.579241	668.453933	316.03338	200	5349	0.53271	0.251856	48.65446	0.009961	0.276833	0.033843	0.004311	0.181495	0.504445	1.726958	0.985127	0.982519	0.972397	0.965726	0.960513	0.955923	0.951627	0.925529	202118991	5.01194	5.080505	5.149069	5.225252	5.313625	5.764628	2.55925	4.516471	0.981986	17				align/CRC1387PRX0B01001TUMD05000V2.hsmetrics
target	3107576521	34149606	34149606	1	234654564	234654564	188672694	1	0.804044	188652258	0.999892	33210593771	26609846806	17766376357	12618269646	2825947768	9204770113	0.914908	0.085092	0.584716	520.251284	269.542498	200	3907	0.532707	0.275996	48.680872	0.009986	0.198754	0.034264	0.00601	0.208168	0.555007	1.674177	0.985251	0.982496	0.971452	0.964057	0.958345	0.953301	0.948379	0.913659	231943788	4.893824	4.953154	5.016439	5.077747	5.143011	5.503739	3.517534	4.112011	0.981824	17				align/CRC1473LMX0B02002TUMD03000V2.hsmetrics
target	3107576521	34149606	34149606	1	258850574	258850574	200384004	1	0.77413	200316345	0.999662	36955538536	28511559515	19198439503	14420609623	3336489410	9830507424	0.909716	0.090284	0.571058	562.186267	287.86591	200	2748	0.516581	0.264514	47.274019	0.009369	0.22849	0.035172	0.005807	0.183087	0.549637	1.43933	0.986445	0.98398	0.973818	0.967398	0.962372	0.957976	0.954073	0.934789	215410065	4.215548	4.26838	4.308003	4.360835	4.413666	4.688391	2.075103	4.540911	0.983278	18				align/CRC1473NMH0000000000D05000V2.hsmetrics
target	3107576521	34149606	34149606	1	251218158	251218158	194437028	1	0.773977	194416438	0.999894	35229344394	27115319916	19266412702	12798176155	3164755537	9307425557	0.910167	0.089833	0.600863	564.17672	272.548549	200	5148	0.5444	0.262994	49.765965	0.010254	0.23032	0.036853	0.005297	0.213272	0.515929	1.866771	0.98527	0.982614	0.971641	0.964472	0.958727	0.953413	0.947985	0.898622	207830182	5.523387	5.598802	5.695166	5.781055	5.87281	6.425853	8.661354	3.408685	0.981738	17				align/CRC1473PRX0B01001TUMD03000V2.hsmetrics
target	3107576521	34149606	34149606	1	240256816	240256816	188705542	1	0.785433	188669644	0.99981	33754799241	26466468509	17383725434	12606401380	3764672427	8970079956	0.88847	0.11153	0.579648	509.046149	262.670086	200	3781	0.505987	0.261092	46.864443	0.010725	0.21592	0.036151	0.007464	0.189812	0.554733	1.824098	0.987049	0.985957	0.981975	0.978173	0.973843	0.968926	0.963419	0.911357	212852407	5.455638	5.539666	5.619692	5.695717	5.789348	6.27911	2.777926	3.587314	0.985727	18				align/CRC1486LMX0B02002TUMD03000V2.hsmetrics
target	3107576521	34149606	34149606	1	239996988	239996988	181020970	1	0.754264	180871552	0.999175	33734884815	25382661393	15960390051	11810707519	5963787245	8094212872	0.823216	0.176784	0.574712	467.366741	237.022145	200	2092	0.457653	0.232096	43.052701	0.009688	0.247584	0.038421	0.005494	0.18714	0.523569	1.454124	0.988287	0.987397	0.982878	0.977763	0.971792	0.96545	0.959045	0.92372	169262730	4.620831	4.68631	4.751789	4.82322	4.894652	5.304192	2.007296	4.388694	0.987026	19				align/CRC1486NLH0000000000D05000V2.hsmetrics
target	3107576521	34149606	34149606	1	236321214	236321214	185841356	1	0.786393	185823210	0.999902	33952107029	26603991334	17843028033	13235651155	2873427841	9194104196	0.915368	0.084632	0.574124	522.495868	269.230169	200	2025	0.523561	0.269779	47.823126	0.011225	0.216426	0.033458	0.005737	0.194407	0.552007	1.661915	0.983646	0.980784	0.970088	0.963156	0.957719	0.952953	0.948599	0.917942	211391679	4.868015	4.928713	4.993457	5.062248	5.132657	5.521122	2.916272	4.260483	0.980251	17				align/CRC1486PRX0A01001TUMD03000V2.hsmetrics
target	3107576521	34149606	34149606	1	234583212	234583212	176581352	1	0.752745	176547023	0.999806	31936847766	24094546679	14825701650	10057448430	7053697686	7422296143	0.779136	0.220864	0.595813	434.139757	217.346465	198	3957	0.441545	0.221054	42.243446	0.009672	0.245557	0.041946	0.004792	0.211302	0.498137	1.711389	0.988057	0.987013	0.982762	0.978768	0.974072	0.968647	0.962249	0.888489	178385828	5.638487	5.736811	5.835135	5.93346	6.036154	6.65669	5.445638	2.663473	0.986753	19				align/CRC1599LMX0A02001TUMD03000V2.hsmetrics
target	3107576521	34149606	34149606	1	244297168	244297168	196562264	1	0.804603	196504597	0.999707	34884616821	27975287601	18754852083	13282203267	2847561471	9749912126	0.918372	0.081628	0.585411	549.196734	285.505845	200	4157	0.534889	0.278068	48.923309	0.009617	0.198062	0.037528	0.005305	0.207852	0.552764	1.449268	0.985366	0.98257	0.971418	0.964568	0.959269	0.954792	0.95078	0.930839	244084063	4.195896	4.239487	4.281002	4.326669	4.369014	4.608142	2.297971	4.89713	0.981912	17				align/CRC1599NLH0000000000D03000V2.hsmetrics
target	3107576521	34149606	34149606	1	231068404	231068404	178050162	1	0.770552	178031230	0.999894	32726045670	25110110813	17725595273	12597965550	2402484847	8791261844	0.926588	0.073412	0.584549	519.057095	257.433771	200	4117	0.539346	0.267497	49.288254	0.009622	0.232718	0.035455	0.005601	0.196835	0.531319	1.671648	0.985822	0.983057	0.972107	0.96469	0.958845	0.953366	0.947765	0.907107	193267768	4.840359	4.910415	4.988255	5.062202	5.134594	5.582951	3.614761	4.029752	0.982384	18				align/CRC1599PRX0A02002TUMD03000V2.hsmetrics
target	3107576521	34149606	34149606	1	280804370	280804370	220217420	1	0.784238	220198948	0.999916	39810042905	31079326130	21358874369	15188318189	3262850347	10943215584	0.91804	0.08196	0.584419	625.450097	320.449249	200	4991	0.534379	0.273789	48.822706	0.01076	0.219309	0.032825	0.005334	0.195498	0.548643	1.741572	0.984913	0.982354	0.972171	0.965496	0.960395	0.955825	0.95168	0.925596	248901005	5.002061	5.058877	5.115692	5.172508	5.235005	5.587262	5.704852	4.18313	0.981747	17				align/CRC1624LMX0B02001TUMD03000V2.hsmetrics
target	3107576521	34149606	34149606	1	286942088	286942088	229700352	1	0.800511	229587303	0.999508	41108616812	32812624720	21860856847	15974752895	3273007070	11540361271	0.920381	0.079619	0.577785	640.149607	337.935415	200	3720	0.528786	0.279147	48.391652	0.009505	0.201807	0.036067	0.00549	0.195815	0.5625	1.689677	0.985851	0.983119	0.972666	0.966258	0.961447	0.957392	0.953751	0.937783	281369040	4.845483	4.896813	4.943254	4.99214	5.044936	5.314784	2.674689	4.700434	0.982572	18				align/CRC1624NLH0000000000D03000V2.hsmetrics
target	3107576521	34149606	34149606	1	243659052	243659052	197602232	1	0.810978	197587552	0.999926	34616039662	27970425851	18930391595	13179976785	2505671282	9874627536	0.927615	0.072385	0.589541	554.337043	289.157876	200	4355	0.54485	0.284209	49.764352	0.009855	0.191981	0.034358	0.00547	0.213888	0.555901	1.671433	0.985506	0.982888	0.972258	0.965365	0.960068	0.95538	0.950871	0.922132	255791619	4.782678	4.83208	4.885598	4.943232	4.997574	5.303861	4.198648	4.225848	0.982282	18				align/CRC1624PRX0B02001TUMD03000V2.hsmetrics
target	3107576521	34149606	34149606	1	251954224	251954224	201232394	1	0.798686	201209199	0.999885	36313627082	28903648980	19037542024	14297517658	2978567400	10207951663	0.917977	0.082023	0.571097	557.474719	298.918578	200	2892	0.522329	0.280073	47.706481	0.009657	0.204055	0.03371	0.005552	0.186397	0.572033	1.494593	0.984935	0.981987	0.970985	0.964142	0.958807	0.954266	0.950307	0.93063	241642262	4.272105	4.311055	4.354332	4.401936	4.451272	4.690162	2.894652	4.67137	0.981451	17				align/CRC1673LMX0B02004TUMD03000V2.hsmetrics
target	3107576521	34149606	34149606	1	256876760	256876760	207393970	1	0.807368	207301378	0.999554	36547409807	29414663065	19010517995	13891274318	3645617494	10130622958	0.90025	0.09975	0.577796	556.683377	296.654168	200	3703	0.517338	0.275687	47.33403	0.009688	0.195164	0.036543	0.006011	0.195035	0.569495	1.483271	0.985528	0.982833	0.971991	0.965225	0.960002	0.955535	0.951504	0.932632	251973454	4.347493	4.386715	4.425937	4.471696	4.52007	4.76063	2.925562	4.694259	0.982087	17				align/CRC1673NMH0000000000D03000V2.hsmetrics
target	3107576521	34149606	34149606	1	266389096	266389096	205870398	1	0.772818	205850294	0.999902	37580837606	28925321848	19786767707	14435850287	3358219612	10019369441	0.91064	0.08936	0.578178	579.414231	293.396341	200	4542	0.524309	0.265493	47.912026	0.009227	0.230317	0.035962	0.005615	0.186206	0.543918	1.695933	0.986514	0.984232	0.974505	0.967806	0.962533	0.957893	0.953467	0.92314	220038086	4.956472	5.023648	5.086346	5.158001	5.227864	5.614799	3.754981	4.03987	0.983616	18				align/CRC1673PRX0B02001TUMD03000V2.hsmetrics
target	3107576521	34149606	34149606	1	247818772	247818772	196262168	1	0.791958	196242921	0.999902	35471711914	27971205237	18872772917	13406536795	3192402202	9751872314	0.910001	0.089999	0.584671	552.6498	285.563245	200	9670	0.529876	0.273796	48.416088	0.009865	0.21145	0.036401	0.005325	0.19657	0.551825	2.039737	0.985652	0.983007	0.972529	0.965795	0.960537	0.955323	0.949603	0.88837	224294135	5.934677	6.023431	6.107959	6.213619	6.307445	6.875472	9.927809	3.360552	0.982262	18				align/CRC1824LMX0A02001TUMD03000V2.hsmetrics
target	3107576521	34149606	34149606	1	241257618	241257618	188392718	1	0.780878	188337275	0.999706	34634859396	26961710851	18354068947	13455758757	2825031692	9427950697	0.918434	0.081566	0.576994	537.460636	276.077876	200	2797	0.527179	0.270797	48.223093	0.009733	0.221544	0.034569	0.005389	0.192988	0.547196	1.437906	0.985065	0.982063	0.970631	0.963535	0.958026	0.953452	0.949381	0.92839	211142463	4.158908	4.202184	4.245459	4.294917	4.344375	4.621339	2.044425	4.989815	0.981457	17				align/CRC1824NMH0000000000D05000V2.hsmetrics
target	3107576521	34149606	34149606	1	221771186	221771186	175953362	1	0.7934	175928667	0.99986	31023420499	24553785405	15809484500	11172209881	4041726118	8118297229	0.86972	0.13028	0.585934	462.947786	237.727405	200	8733	0.501476	0.257512	46.37289	0.009571	0.20854	0.03527	0.005728	0.207927	0.544802	1.747996	0.988201	0.987204	0.98249	0.977423	0.971608	0.965074	0.957905	0.894609	198519797	5.360685	5.438018	5.522715	5.603729	5.700947	6.204711	6.131022	3.300776	0.98687	19				align/CRC1824PRX0A02003TUMD03000V2.hsmetrics
target	3107576521	34149606	34149606	1	271574384	271574384	206909662	1	0.761889	206889994	0.999905	38802195445	29425546069	21054530494	14851981572	2895683379	10286246943	0.925373	0.074627	0.586371	616.538021	301.211292	200	3480	0.540505	0.264065	49.377079	0.010274	0.241653	0.03459	0.00549	0.197497	0.522631	1.692198	0.985028	0.982355	0.971705	0.964902	0.959695	0.955127	0.950835	0.922987	216496399	4.898992	4.96823	5.032853	5.092859	5.173176	5.560911	2.60957	4.448885	0.981746	17				align/CRC2790LMX0A02001TUMD03000V2.hsmetrics
target	3107576521	34149606	34149606	1	237478580	237478580	195853772	1	0.824722	195801230	0.999732	33641152767	27671111313	18332482493	12769148878	2539521396	9676996340	0.924511	0.075489	0.589438	536.828521	283.370659	200	2837	0.542116	0.286162	49.589136	0.0099	0.177462	0.038021	0.005685	0.218129	0.562474	1.453183	0.985299	0.982525	0.971716	0.964879	0.959664	0.955173	0.951029	0.93042	272299502	4.190683	4.226688	4.264693	4.304699	4.343104	4.559134	2.283717	4.836836	0.981825	17				align/CRC2790NLH0000000000D03000V2.hsmetrics
target	3107576521	34149606	34149606	1	235707396	235707396	185971930	1	0.788995	185954348	0.999905	33671956433	26467741591	17821967445	13230999375	2618989613	9344972629	0.92222	0.07778	0.573922	521.879153	273.648036	200	4026	0.527135	0.276404	48.164098	0.010219	0.213953	0.035899	0.006101	0.185499	0.560881	1.7103	0.984792	0.981912	0.970613	0.963144	0.957381	0.952322	0.947357	0.912021	216075152	4.900079	4.972251	5.032394	5.104565	5.171925	5.566463	3.404301	4.491239	0.981265	17				align/CRC2790PRX0A02001TUMD03000V2.hsmetrics
